Swapping PrgEnv-pgi for PrgEnv-gnu
R version 5.2.82
Parallel Batch Use (see r-pbd.org) via mpirun Rscript.
Example: aprun -n 2 Rscript myscript.r
OMP_NUM_THREADS set to 1. Change as needed to use Cray SciLib.
START 1526691066
[1] 1
[1] 2
[1] 3
[1] 4
[1] 5
[1] 6
[1] 7
[1] 8
[1] 9
[1] 10
[1] 11
[1] 12
[1] 13
[1] 14
[1] 15
[1] 16
[1] 17
[1] 18
[1] 19
[1] 20
[1] 21
[1] 22
[1] 33
[1] 34
[1] 35
[1] 36
[1] 37
[1] 23
[1] 24
[1] 25
[1] 26
[1] 27
[1] 28
[1] 29
[1] 30
[1] 31
[1] 32
[1] 38
[1] 39
[1] 40
[1] 41
[1] 42
[1] 43
[1] 44
[1] 45
[1] 46
[1] 47
[1] 48
[1] 49
[1] 50
[1] 51
[1] 52
[1] 53
[1] 54
[1][1] 65
[1] 66
[1] 67
[1] 68
[1] 69
[1] 70
[1] 55
[1] 56
[1] 57
[1] 58
[1] 59
[1] 60
[1] 61
[1] 62
[1] 63
[1] 64
[1] 81
[1] 82
[1] 83
[1] 84
[1] 85
[1] 86
[1] 87
 71
[1] 72
[1] 73
[1] 74
[1] 75
[1] 76
[1] 77
[1] 78
[1] 79
[1] 80
[1] 97
[1] 98
[1] 99
[1] 100
[1] 101
[1] 88
[1] 89
[1] 90
[1] 91
[1] 92
[1] 93
[1] 94
[1] 95
[1] 96
[1] 102
[1] 113
[1] 114
[1] 115
[1] 116
[1] 117
[1] 103
[1] 104
[1] 105
[1] 106
[1] 107
[1] 108
[1] 109
[1] 110
[1] 111
[1] 112
[1] 129
[1] 130
[1] 131
[1] 132
[1] 133
[1] 118
[1] 119
[1] 120
[1] 121
[1] 122
[1] 123
[1] 124
[1] 125
[1] 126
[1] 127
[1] 128
[1] 145
[1] 134
[1] 135
[1] 136
[1] 137
[1] 138
[1] 139
[1] 140
[1] 141
[1] 142
[1] 143
[1] 144
[1] 146
[1] 147
[1] 148
[1] 149
[1] 150
[1][1] 161
[1] 162
[1] 163
 151
[1] 152
[1] 153
[1] 154
[1] 155
[1] 156
[1] 157
[1] 158
[1] 159
[1] 160
[1] 164
[1] 165
[1] 166
[1] 167
[1] 168
[1] 169
[1] 170
[1] 171
[1] 172
[1] 173
[1] 174
[1] 175
[1] 176
[1] 177
[1] 178
[1] 179
[1] 180
[1] 181
[1] 182
[1] 193
[1] 194
[1] 195
[1] 196
[1] 197
[1] 198
[1] 199
[1] 183
[1] 184
[1] 185
[1] 186
[1] 187
[1] 188
[1] 189
[1] 190
[1] 191
[1] 192
[1] 209
[1] 210
[1] 211
[1] 212
[1] 213
[1] 214
[1] 200
[1] 201
[1] 202
[1] 203
[1] 204
[1] 205
[1] 206
[1] 207
[1] 208
[1] 225
[1] 226
[1] 215
[1] 216
[1] 217
[1] 218
[1] 219
[1] 220
[1] 221
[1] 222
[1] 223
[1] 224
[1] 227
[1] 228
[1][1] 241
[1] 242
[1] 243
[1] 244
[1] 245
 229
[1] 230
[1] 231
[1] 232
[1] 233
[1] 234
[1] 235
[1] 236
[1] 237
[1] 238
[1] 239
[1] 240
[1] 257
[1] 258
[1] 259
[1] 260
[1] 261
[1] 262
[1] 246
[1] 247
[1] 248
[1] 249
[1] 250
[1] 251
[1] 252
[1] 253
[1] 254
[1] 255
[1] 256
[1] 263
[1] 264
[1] 265
[1] 266
[1] 267
[1] 268
[1] 269
[1] 270
[1] 271
[1] 272
[1] 273
[1] 274
[1] 275
[1] 276
[1] 277
[1] 278
[1] 279
[1] 289
[1] 290
[1] 291
[1] 292
[1] 293
[1] 294
[1] 280
[1] 281
[1] 282
[1] 283
[1] 284
[1] 285
[1] 286
[1] 287
[1] 288
[1][1] 295
[1] 296
[1] 297
[1] 298
[1] 299
[1] 300
[1] 301
[1] 302
[1] 303
[1] 304
 305
[1] 306
[1] 307
[1] 308
[1] 309
[1] 310
[1] 311
[1] 312
[1] 313
[1] 314
[1] 315
[1] 316
[1] 317
[1] 318
[1] 319
[1] 320
[1] "read all"
[1] "Computed pairs"
There were 50 or more warnings (use warnings() to see the first 50)
There were 50 or more warnings (use warnings() to see the first 50)
There were 50 or more warnings (use warnings() to see the first 50)
There were 50 or more warnings (use warnings() to see the first 50)
[1] 1366 1366    8
[1] "about to rcv  0 319"
[1] 642 642   8
[1] "about to rcv  0 318"
[1] 542 542   8
[1] "about to rcv  0 317"
[1] 338 338   8
[1] "about to rcv  0 316"
[1] 429 429   8
[1] "about to rcv  0 315"
[1] 381 381   8
[1] "about to rcv  0 314"
[1] 488 488   8
[1] "about to rcv  0 313"
[1] 355 355   8
[1] "about to rcv  0 312"
[1] 524 524   8
[1] "about to rcv  0 311"
[1] 703 703   8
[1] "about to rcv  0 310"
[1] 464 464   8
[1] "about to rcv  0 309"
[1] 1876 1876    8
[1] "about to rcv  0 308"
[1] 2018 2018    8
[1] "about to rcv  0 307"
[1] 1943 1943    8
[1] "about to rcv  0 306"
[1] 2473 2473    8
[1] "about to rcv  0 305"
[1] 1830 1830    8
[1] "about to rcv  0 304"
[1] 392 392   8
[1] "about to rcv  0 303"
[1] 408 408   8
[1] "about to rcv  0 302"
[1] 1018 1018    8
[1] "about to rcv  0 301"
[1] 1252 1252    8
[1] "about to rcv  0 300"
[1] 813 813   8
[1] "about to rcv  0 299"
[1] 566 566   8
[1] "about to rcv  0 298"
[1] 598 598   8
[1] "about to rcv  0 297"
[1] 1317 1317    8
[1] "about to rcv  0 296"
[1] 421 421   8
[1] "about to rcv  0 295"
[1] 240 240   8
[1] "about to rcv  0 294"
[1] 275 275   8
[1] "about to rcv  0 293"
[1] 294 294   8
[1] "about to rcv  0 292"
[1] 1948 1948    8
[1] "about to rcv  0 291"
[1] 2044 2044    8
[1] "about to rcv  0 290"
[1] 736 736   8
[1] "about to rcv  0 289"
[1] 947 947   8
[1] "about to rcv  0 288"
[1] 1466 1466    8
[1] "about to rcv  0 287"
[1] 370 370   8
[1] "about to rcv  0 286"
[1] 1305 1305    8
[1] "about to rcv  0 285"
[1] 182 182   8
[1] "about to rcv  0 284"
[1] 563 563   8
[1] "about to rcv  0 283"
[1] 692 692   8
[1] "about to rcv  0 282"
[1] 1906 1906    8
[1] "about to rcv  0 281"
[1] 363 363   8
[1] "about to rcv  0 280"
[1] 1028 1028    8
[1] "about to rcv  0 279"
[1] 1176 1176    8
[1] "about to rcv  0 278"
[1] 755 755   8
[1] "about to rcv  0 277"
[1] 186 186   8
[1] "about to rcv  0 276"
[1] 294 294   8
[1] "about to rcv  0 275"
[1] 1596 1596    8
[1] "about to rcv  0 274"
[1] 2241 2241    8
[1] "about to rcv  0 273"
[1] 1296 1296    8
[1] "about to rcv  0 272"
[1] 451 451   8
[1] "about to rcv  0 271"
[1] 1208 1208    8
[1] "about to rcv  0 270"
[1] 361 361   8
[1] "about to rcv  0 269"
[1] 599 599   8
[1] "about to rcv  0 268"
[1] 1829 1829    8
[1] "about to rcv  0 267"
[1] 350 350   8
[1] "about to rcv  0 266"
[1] 1491 1491    8
[1] "about to rcv  0 265"
[1] 468 468   8
[1] "about to rcv  0 264"
[1] 399 399   8
[1] "about to rcv  0 263"
[1] 731 731   8
[1] "about to rcv  0 262"
[1] 1873 1873    8
[1] "about to rcv  0 261"
[1] 795 795   8
[1] "about to rcv  0 260"
[1] 594 594   8
[1] "about to rcv  0 259"
[1] 861 861   8
[1] "about to rcv  0 258"
[1] 413 413   8
[1] "about to rcv  0 257"
[1] 1994 1994    8
[1] "about to rcv  0 256"
[1] 747 747   8
[1] "about to rcv  0 255"
[1] 429 429   8
[1] "about to rcv  0 254"
[1] 861 861   8
[1] "about to rcv  0 253"
[1] 609 609   8
[1] "about to rcv  0 252"
[1] 2312 2312    8
[1] "about to rcv  0 251"
[1] 1133 1133    8
[1] "about to rcv  0 250"
[1] 304 304   8
[1] "about to rcv  0 249"
[1] 399 399   8
[1] "about to rcv  0 248"
[1] 1904 1904    8
[1] "about to rcv  0 247"
[1] 436 436   8
[1] "about to rcv  0 246"
[1] 734 734   8
[1] "about to rcv  0 245"
[1] 763 763   8
[1] "about to rcv  0 244"
[1] 599 599   8
[1] "about to rcv  0 243"
[1] 2209 2209    8
[1] "about to rcv  0 242"
[1] 1204 1204    8
[NID 03329] 2018-05-18 21:24:34 Apid 17410279: initiated application termination
[NID 03329] 2018-05-18 21:24:35 Apid 17410279: OOM killer terminated this process.
Application 17410279 exit signals: Killed
Application 17410279 resources: utime ~140s, stime ~76s, Rss ~34584, inblocks ~2827280, outblocks ~700
END 1526693077
